         0          1          1
      0.01   0.991036   0.996999
      0.02   0.982833   0.994072
      0.03   0.975364   0.991217
      0.04   0.968602   0.988428
      0.05   0.962517   0.985703
      0.06   0.957081   0.983037
      0.07   0.952267   0.980427
      0.08   0.948046   0.977869
      0.09    0.94439    0.97536
       0.1   0.941271   0.972895
      0.11   0.938661   0.970471
      0.12   0.936532   0.968084
      0.13   0.934855   0.965731
      0.14   0.933603   0.963407
      0.15   0.932747    0.96111
      0.16    0.93226   0.958834
      0.17   0.932112   0.956577
      0.18   0.932277   0.954335
      0.19   0.932725   0.952104
       0.2   0.933429    0.94988
      0.21   0.934361    0.94766
      0.22   0.935492   0.945439
      0.23   0.936794   0.943214
      0.24    0.93824   0.940982
      0.25     0.9398   0.938739
      0.26   0.941448    0.93648
      0.27   0.943154   0.934202
      0.28   0.944891   0.931902
      0.29   0.946631   0.929575
       0.3   0.948345   0.927218
      0.31   0.950005   0.924827
      0.32   0.951583   0.922399
      0.33   0.953052   0.919929
      0.34   0.954382   0.917415
      0.35   0.955546   0.914851
      0.36   0.956516   0.912235
      0.37   0.957263   0.909563
      0.38    0.95776   0.906831
      0.39   0.957977   0.904035
       0.4   0.957888   0.901171
      0.41   0.957464   0.898237
      0.42   0.956677   0.895227
      0.43   0.955499   0.892139
      0.44   0.953901   0.888968
      0.45   0.951855   0.885711
      0.46   0.949334   0.882364
      0.47   0.946309   0.878923
      0.48   0.942752   0.875386
      0.49   0.938636   0.871747
       0.5   0.933931   0.868003
      0.51   0.928609    0.86415
      0.52   0.922643   0.860185
      0.53   0.916005   0.856105
      0.54   0.908666   0.851904
      0.55   0.900598    0.84758
      0.56   0.891773   0.843128
      0.57   0.882163   0.838546
      0.58    0.87174   0.833829
      0.59   0.860476   0.828973
       0.6   0.848342   0.823975
      0.61    0.83531   0.818831
      0.62   0.821353   0.813537
      0.63   0.807746   0.808091
      0.64   0.800229   0.802517
      0.65   0.792785   0.796832
      0.66    0.78541   0.791037
      0.67     0.7781   0.785134
      0.68   0.770851   0.779125
      0.69   0.763657   0.773011
       0.7   0.756516   0.766794
      0.71   0.749421   0.760476
      0.72    0.74237   0.754058
      0.73   0.735357   0.747542
      0.74   0.728378    0.74093
      0.75    0.72143   0.734224
      0.76   0.714507   0.727424
      0.77   0.707606   0.720534
      0.78   0.700721   0.713553
      0.79   0.693849   0.706485
       0.8   0.686986    0.69933
      0.81   0.680126   0.692091
      0.82   0.673267   0.684769
      0.83   0.666402   0.677366
      0.84   0.659528   0.669883
      0.85   0.652641   0.662322
      0.86   0.645737   0.654685
      0.87    0.63881   0.646973
      0.88   0.631857   0.639189
      0.89   0.624873   0.631333
       0.9   0.617854   0.623408
      0.91   0.610796   0.615415
      0.92   0.603694   0.607355
      0.93   0.596544   0.599232
      0.94   0.589341   0.591045
      0.95   0.582082   0.582797
      0.96   0.574762    0.57449
      0.97   0.567376   0.566124
      0.98   0.559921   0.557703
      0.99   0.552391   0.549227
         1   0.544783   0.540698
      1.01   0.537093   0.532118
      1.02   0.529315   0.523489
      1.03   0.521445   0.514812
      1.04    0.51348   0.506088
      1.05   0.505415   0.497321
      1.06   0.497246    0.48851
      1.07   0.488967   0.479658
      1.08   0.480576   0.470767
      1.09   0.472067   0.461838
       1.1   0.463436   0.452873
      1.11   0.454679   0.443873
      1.12   0.445791   0.434841
      1.13   0.436769   0.425778
      1.14   0.427608   0.416685
      1.15   0.418303   0.407564
      1.16    0.40885   0.398417
      1.17   0.399246   0.389246
      1.18   0.389484   0.380052
      1.19   0.379562   0.370837
       1.2   0.369475   0.361603
      1.21   0.359218   0.352351
      1.22   0.348787   0.343083
      1.23   0.338178     0.3338
      1.24   0.327387   0.324505
      1.25   0.316409   0.315199
      1.26   0.308964   0.305881
      1.27    0.30819   0.296523
      1.28   0.306517   0.287118
      1.29   0.303974   0.277666
       1.3   0.300592   0.268171
      1.31     0.2964   0.258632
      1.32   0.291429   0.249053
      1.33   0.285707   0.239434
      1.34   0.279266   0.229777
      1.35   0.272135   0.220083
      1.36   0.264343   0.210355
      1.37   0.255921   0.200593
      1.38   0.246899     0.1908
      1.39   0.237306   0.180976
       1.4   0.227173   0.171124
      1.41   0.216529   0.161245
      1.42   0.205405   0.151341
      1.43   0.193829   0.141413
      1.44   0.181833   0.131462
      1.45   0.169445   0.121491
      1.46   0.156697   0.111501
      1.47   0.143617   0.101494
      1.48   0.130235  0.0914704
      1.49   0.116582  0.0814327
       1.5   0.102688  0.0713821
      1.51   0.088582  0.0613204
      1.52  0.0742942  0.0512491
      1.53  0.0598545  0.0411698
      1.54  0.0452928  0.0310841
      1.55  0.0306391  0.0209935
      1.56  0.0159231  0.0108996
      1.57 0.00117494 0.000803966
      1.58 -0.0135757 -0.00929176
      1.59 -0.0282987  -0.019386
       1.6 -0.0429644 -0.0294773
      1.61 -0.0575427 -0.0395639
      1.62 -0.0720038 -0.0496443
      1.63 -0.0863178  -0.059717
      1.64  -0.100455 -0.0697804
      1.65  -0.114385 -0.0798328
      1.66  -0.128078 -0.0898727
      1.67  -0.141505 -0.0998985
      1.68  -0.154635  -0.109909
      1.69  -0.167438  -0.119902
       1.7  -0.179885  -0.129876
      1.71  -0.191946  -0.139829
      1.72  -0.203591  -0.149761
      1.73  -0.214789  -0.159669
      1.74  -0.225511  -0.169553
      1.75  -0.235728  -0.179409
      1.76  -0.245409  -0.189237
      1.77  -0.254524  -0.199035
      1.78  -0.263043  -0.208802
      1.79  -0.270937  -0.218536
       1.8  -0.278176  -0.228235
      1.81  -0.284729  -0.237898
      1.82  -0.290567  -0.247523
      1.83   -0.29566  -0.257109
      1.84  -0.299978  -0.266654
      1.85  -0.303491  -0.276157
      1.86   -0.30617  -0.285615
      1.87  -0.307983  -0.295028
      1.88  -0.308902  -0.304394
      1.89  -0.309128  -0.313711
       1.9  -0.309991  -0.322978
      1.91  -0.311685  -0.332196
      1.92   -0.31418  -0.341366
      1.93  -0.317447  -0.350487
      1.94  -0.321455   -0.35956
      1.95  -0.326175  -0.368584
      1.96  -0.331578  -0.377562
      1.97  -0.337633  -0.386492
      1.98  -0.344311  -0.395374
      1.99  -0.351583  -0.404211
         2  -0.359417     -0.413
      2.01  -0.367786  -0.421744
      2.02  -0.376658  -0.430442
      2.03  -0.386005  -0.439094
      2.04  -0.395797  -0.447701
      2.05  -0.406003  -0.456263
      2.06  -0.416595  -0.464781
      2.07  -0.427542  -0.473254
      2.08  -0.438814  -0.481683
      2.09  -0.450383  -0.490069
       2.1  -0.462219  -0.498411
      2.11  -0.474291   -0.50671
      2.12  -0.486569  -0.514966
      2.13  -0.499025   -0.52318
      2.14  -0.511629  -0.531352
      2.15  -0.524351  -0.539481
      2.16   -0.53716  -0.547569
      2.17  -0.550028  -0.555616
      2.18  -0.562925  -0.563622
      2.19   -0.57582  -0.571587
       2.2  -0.588685  -0.579512
      2.21  -0.601489  -0.587396
      2.22  -0.614204  -0.595241
      2.23  -0.626798  -0.603047
      2.24  -0.639243  -0.610813
      2.25  -0.651508   -0.61854
      2.26  -0.663565  -0.626229
      2.27  -0.675383  -0.633879
      2.28  -0.686932  -0.641492
      2.29  -0.698183  -0.649066
       2.3  -0.709107  -0.656604
      2.31  -0.719673  -0.664104
      2.32  -0.729851  -0.671568
      2.33  -0.739613  -0.678995
      2.34  -0.748928  -0.686386
      2.35  -0.757767  -0.693741
      2.36  -0.766099   -0.70106
      2.37  -0.773896  -0.708345
      2.38  -0.781127  -0.715594
      2.39  -0.787763  -0.722808
       2.4  -0.793774  -0.729989
      2.41  -0.799131  -0.737135
      2.42  -0.803803  -0.744247
      2.43  -0.807761  -0.751326
      2.44  -0.810975  -0.758372
      2.45  -0.813416  -0.765385
      2.46  -0.815053  -0.772366
      2.47  -0.815858  -0.779314
      2.48    -0.8158   -0.78623
      2.49   -0.81485  -0.793115
       2.5  -0.812977  -0.799968
      2.51  -0.810153   -0.80679
      2.52  -0.809124  -0.813556
      2.53  -0.809671  -0.820187
      2.54  -0.810664  -0.826677
      2.55  -0.812086  -0.833027
      2.56  -0.813919  -0.839239
      2.57  -0.816144  -0.845314
      2.58  -0.818744  -0.851252
      2.59    -0.8217  -0.857055
       2.6  -0.824993  -0.862724
      2.61  -0.828607   -0.86826
      2.62  -0.832522  -0.873665
      2.63   -0.83672  -0.878938
      2.64  -0.841184  -0.884082
      2.65  -0.845894  -0.889097
      2.66  -0.850834  -0.893985
      2.67  -0.855984  -0.898746
      2.68  -0.861327  -0.903382
      2.69  -0.866844  -0.907893
       2.7  -0.872517  -0.912282
      2.71  -0.878329  -0.916548
      2.72   -0.88426  -0.920694
      2.73  -0.890293  -0.924719
      2.74  -0.896409  -0.928626
      2.75  -0.902591  -0.932415
      2.76   -0.90882  -0.936087
      2.77  -0.915078  -0.939644
      2.78  -0.921347  -0.943087
      2.79  -0.927608  -0.946416
       2.8  -0.933844  -0.949633
      2.81  -0.940037  -0.952738
      2.82  -0.946167  -0.955734
      2.83  -0.952217   -0.95862
      2.84  -0.958169  -0.961399
      2.85  -0.964005  -0.964071
      2.86  -0.969706  -0.966637
      2.87  -0.975255  -0.969099
      2.88  -0.980632  -0.971457
      2.89  -0.985821  -0.973712
       2.9  -0.990802  -0.975867
      2.91  -0.995558  -0.977921
      2.92   -1.00007  -0.979875
      2.93   -1.00432  -0.981732
      2.94   -1.00829  -0.983492
      2.95   -1.01196  -0.985156
      2.96   -1.01532  -0.986725
      2.97   -1.01834    -0.9882
      2.98   -1.02101  -0.989583
      2.99   -1.02331  -0.990874
         3   -1.02522  -0.992075
      3.01   -1.02672  -0.993186
      3.02    -1.0278  -0.994209
      3.03   -1.02843  -0.995145
      3.04    -1.0286  -0.995995
      3.05   -1.02829   -0.99676
      3.06   -1.02749  -0.997441
      3.07   -1.02616  -0.998039
      3.08   -1.02431  -0.998556
      3.09    -1.0219  -0.998991
       3.1   -1.01892  -0.999348
      3.11   -1.01535  -0.999625
      3.12   -1.01117  -0.999826
      3.13   -1.00637   -0.99995
      3.14   -1.00093  -0.999999
      3.15  -0.999964  -0.999974
      3.16  -0.999826  -0.999874
      3.17  -0.999585  -0.999698
      3.18  -0.999242  -0.999445
      3.19  -0.998797  -0.999113
       3.2  -0.998251  -0.998703
      3.21  -0.997603  -0.998212
      3.22  -0.996854   -0.99764
      3.23  -0.996004  -0.996986
      3.24  -0.995054  -0.996248
      3.25  -0.994003  -0.995425
      3.26  -0.992853  -0.994517
      3.27  -0.991603  -0.993522
      3.28  -0.990254  -0.992438
      3.29  -0.988806  -0.991266
       3.3   -0.98726  -0.990004
      3.31  -0.985615  -0.988651
      3.32  -0.983872  -0.987205
      3.33  -0.982031  -0.985666
      3.34  -0.980093  -0.984032
      3.35  -0.978058  -0.982303
      3.36  -0.975926  -0.980478
      3.37  -0.973698  -0.978554
      3.38  -0.971374  -0.976532
      3.39  -0.968953   -0.97441
       3.4  -0.966437  -0.972186
      3.41  -0.963826  -0.969861
      3.42   -0.96112  -0.967433
      3.43  -0.958319    -0.9649
      3.44  -0.955424  -0.962262
      3.45  -0.952435  -0.959517
      3.46  -0.949352  -0.956665
      3.47  -0.946176  -0.953704
      3.48  -0.942906  -0.950634
      3.49  -0.939544  -0.947453
       3.5  -0.936089  -0.944159
      3.51  -0.932542  -0.940753
      3.52  -0.928904  -0.937233
      3.53  -0.925173  -0.933597
      3.54  -0.921352  -0.929846
      3.55  -0.917439  -0.925977
      3.56  -0.913436  -0.921989
      3.57  -0.909342  -0.917882
      3.58  -0.905158  -0.913654
      3.59  -0.900885  -0.909305
       3.6  -0.896522  -0.904832
      3.61   -0.89207  -0.900236
      3.62  -0.887529  -0.895515
      3.63    -0.8829  -0.890668
      3.64  -0.878182  -0.885693
      3.65  -0.873377  -0.880591
      3.66  -0.868484  -0.875359
      3.67  -0.863503  -0.869996
      3.68  -0.858436  -0.864502
      3.69  -0.853282  -0.858875
       3.7  -0.848041  -0.853115
      3.71  -0.842715   -0.84722
      3.72  -0.837302  -0.841189
      3.73  -0.831804  -0.835021
      3.74  -0.826222  -0.828715
      3.75  -0.820554  -0.822269
      3.76  -0.814801  -0.815684
      3.77  -0.809017  -0.808957
      3.78  -0.808692  -0.802144
      3.79  -0.807742  -0.795301
       3.8  -0.806185  -0.788426
      3.81   -0.80404   -0.78152
      3.82  -0.801326  -0.774582
      3.83  -0.798061  -0.767612
      3.84  -0.794263   -0.76061
      3.85  -0.789953  -0.753574
      3.86  -0.785147  -0.746506
      3.87  -0.779866  -0.739404
      3.88  -0.774126  -0.732269
      3.89  -0.767949  -0.725099
       3.9  -0.761351  -0.717896
      3.91  -0.754351  -0.710657
      3.92  -0.746969  -0.703384
      3.93  -0.739223  -0.696076
      3.94  -0.731131  -0.688732
      3.95  -0.722713  -0.681353
      3.96  -0.713987  -0.673937
      3.97  -0.704971  -0.666486
      3.98  -0.695684  -0.658997
      3.99  -0.686145  -0.651471
         4  -0.676373  -0.643908
      4.01  -0.666386  -0.636308
      4.02  -0.656203   -0.62867
      4.03  -0.645843  -0.620993
      4.04  -0.635323  -0.613278
      4.05  -0.624664  -0.605525
      4.06  -0.613883  -0.597732
      4.07     -0.603  -0.589899
      4.08  -0.592032  -0.582028
      4.09  -0.580999  -0.574116
       4.1   -0.56992  -0.566163
      4.11  -0.558812  -0.558171
      4.12  -0.547695  -0.550137
      4.13  -0.536587  -0.542062
      4.14  -0.525507  -0.533946
      4.15  -0.514473  -0.525788
      4.16  -0.503505  -0.517587
      4.17  -0.492621  -0.509345
      4.18  -0.481839  -0.501059
      4.19  -0.471179  -0.492731
       4.2  -0.460658  -0.484359
      4.21  -0.450297  -0.475944
      4.22  -0.440112  -0.467485
      4.23  -0.430123  -0.458981
      4.24  -0.420349  -0.450433
      4.25  -0.410808   -0.44184
      4.26  -0.401519  -0.433203
      4.27  -0.392501  -0.424519
      4.28  -0.383772   -0.41579
      4.29  -0.375351  -0.407015
       4.3  -0.367257  -0.398194
      4.31  -0.359507  -0.389326
      4.32  -0.352122  -0.380411
      4.33   -0.34512  -0.371449
      4.34  -0.338518  -0.362439
      4.35  -0.332337  -0.353382
      4.36  -0.326594  -0.344276
      4.37  -0.321308  -0.335122
      4.38  -0.316499   -0.32592
      4.39  -0.312184  -0.316668
       4.4  -0.309002  -0.307362
      4.41  -0.308374  -0.297815
      4.42  -0.306843   -0.28794
      4.43  -0.304436  -0.277753
      4.44  -0.301186  -0.267271
      4.45  -0.297121  -0.256507
      4.46  -0.292272  -0.245479
      4.47  -0.286668  -0.234203
      4.48  -0.280339  -0.222692
      4.49  -0.273315  -0.210965
       4.5  -0.265627  -0.199036
      4.51  -0.257304   -0.18692
      4.52  -0.248375  -0.174635
      4.53  -0.238871  -0.162195
      4.54  -0.228822  -0.149616
      4.55  -0.218257  -0.136914
      4.56  -0.207207  -0.124105
      4.57  -0.195702  -0.111205
      4.58   -0.18377 -0.0982281
      4.59  -0.171443 -0.0851916
       4.6   -0.15875 -0.0721107
      4.61  -0.145721 -0.0590013
      4.62  -0.132385  -0.045879
      4.63  -0.118774 -0.0327595
      4.64  -0.104916 -0.0196587
      4.65 -0.0908415 -0.00659223
      4.66 -0.0765807 0.00642414
      4.67 -0.0621632  0.0193747
      4.68 -0.0476189  0.0322436
      4.69 -0.0329778  0.0450153
       4.7 -0.0182698  0.0576739
      4.71 -0.00352475  0.0702037
      4.72  0.0112275   0.082589
      4.73  0.0259569   0.094814
      4.74  0.0406337   0.106863
      4.75   0.055228    0.11872
      4.76  0.0697098    0.13037
      4.77  0.0840492   0.141797
      4.78  0.0982164   0.152984
      4.79   0.112181   0.163917
       4.8   0.125914    0.17458
      4.81   0.139385   0.184956
      4.82   0.152565   0.195031
      4.83   0.165422   0.204787
      4.84   0.177928   0.214211
      4.85   0.190052   0.223285
      4.86   0.201765   0.231994
      4.87   0.213037   0.240323
      4.88   0.223837   0.248255
      4.89   0.234136   0.255776
       4.9   0.243904   0.262868
      4.91   0.253111   0.269517
      4.92   0.261727   0.275707
      4.93   0.269723   0.281422
      4.94   0.277068   0.286645
      4.95   0.283732   0.291363
      4.96   0.289686   0.295558
      4.97     0.2949   0.299215
      4.98   0.299344   0.302318
      4.99   0.302987   0.304852
         5     0.3058   0.306801
      5.01   0.307753   0.308149
      5.02   0.308817    0.30888
      5.03   0.309069   0.309062
      5.04   0.309797   0.309695
      5.05   0.311361   0.311055
      5.06    0.31373   0.313118
      5.07   0.316876    0.31586
      5.08   0.320768   0.319257
      5.09   0.325377   0.323285
       5.1   0.330673   0.327919
      5.11   0.336626   0.333135
      5.12   0.343207   0.338909
      5.13   0.350386   0.345217
      5.14   0.358133   0.352035
      5.15   0.366419   0.359338
      5.16   0.375213   0.367103
      5.17   0.384486   0.375305
      5.18   0.394209   0.383919
      5.19   0.404351   0.392923
       5.2   0.414883   0.402291
      5.21   0.425776   0.411999
      5.22   0.436999   0.422023
      5.23   0.448522    0.43234
      5.24   0.460317   0.442924
      5.25   0.472353   0.453752
      5.26   0.484601   0.464799
      5.27   0.497031   0.476041
      5.28   0.509613   0.487455
      5.29   0.522318   0.499015
       5.3   0.535115   0.510698
      5.31   0.547976   0.522479
      5.32    0.56087   0.534335
      5.33   0.573768   0.546241
      5.34   0.586639   0.558172
      5.35   0.599455   0.570106
      5.36   0.612186   0.582017
      5.37   0.624801   0.593881
      5.38   0.637272   0.605674
      5.39   0.649568   0.617373
       5.4    0.66166   0.628952
      5.41   0.673518   0.640388
      5.42   0.685112   0.651656
      5.43   0.696412   0.662732
      5.44    0.70739   0.673592
      5.45   0.718015   0.684212
      5.46   0.728257   0.694568
      5.47   0.738087   0.704635
      5.48   0.747475    0.71439
      5.49   0.756392   0.723807
       5.5   0.764807   0.732864
      5.51   0.772691   0.741535
      5.52   0.780014   0.749796
      5.53   0.786747   0.757624
      5.54    0.79286   0.764994
      5.55   0.798322   0.771882
      5.56   0.803106   0.778264
      5.57   0.807179   0.784115
      5.58   0.810514   0.789412
      5.59    0.81308    0.79413
       5.6   0.814847   0.798245
      5.61   0.815787   0.801733
      5.62   0.815868   0.804569
      5.63   0.815062    0.80673
      5.64   0.813339    0.80819
      5.65   0.810668   0.808927
      5.66   0.807021   0.808916
      5.67   0.802367   0.808133
      5.68   0.796678   0.806553
      5.69   0.789922   0.804152
       5.7   0.782071   0.800907
      5.71   0.773095   0.796792
      5.72   0.762963   0.791784
      5.73   0.751647   0.785859
      5.74   0.739117   0.778992
      5.75   0.725342   0.771159
      5.76   0.710294   0.762336
      5.77   0.693942   0.752499
      5.78   0.676257   0.741623
      5.79   0.657209   0.729685
       5.8   0.636768    0.71666
      5.81   0.614905   0.702525
      5.82    0.59159   0.687254
      5.83   0.566793   0.670823
      5.84   0.540485   0.653209
      5.85   0.512635   0.634388
      5.86   0.483215   0.614334
      5.87   0.452193   0.593025
      5.88   0.419542   0.570435
      5.89   0.385231   0.546541
       5.9   0.349229   0.521318
      5.91   0.311509   0.494742
      5.92   0.272039   0.466789
      5.93    0.23079   0.437435
      5.94   0.187733   0.406655
      5.95   0.142837   0.374426
      5.96  0.0960734   0.340723
      5.97   0.047412   0.305522
      5.98 -0.00317677   0.268799
      5.99 -0.0557227   0.230529
         6  -0.110255   0.190689
      6.01  -0.166805   0.149255
      6.02    -0.2254   0.106201
      6.03  -0.286072  0.0615041
      6.04  -0.348849    0.01514
      6.05  -0.413762 -0.0329156
      6.06   -0.48084 -0.0826869
      6.07  -0.550112  -0.134198
      6.08  -0.621609  -0.187473
      6.09   -0.69536  -0.242537
       6.1  -0.771396  -0.299413
      6.11  -0.849745  -0.358125
      6.12  -0.930437  -0.418699
      6.13    -1.0135  -0.481157
      6.14   -1.09897  -0.545525
      6.15   -1.18687  -0.611825
      6.16   -1.27723  -0.680084
      6.17   -1.37009  -0.750324
      6.18   -1.46546   -0.82257
      6.19   -1.56339  -0.896847
       6.2    -1.6639  -0.973177
      6.21   -1.76702   -1.05159
      6.22   -1.87278    -1.1321
      6.23   -1.98121   -1.21474
      6.24   -2.09234   -1.29953
      6.25    -2.2062   -1.38649
      6.26   -2.32282   -1.47566
      6.27   -2.44223   -1.56705
      6.28   -2.56445   -1.66068
