         0          0          0
      0.01 -0.0100017 0.00999983
      0.02 -0.0200003  0.0199987
      0.03 -0.0299957  0.0299955
      0.04  -0.039988  0.0399893
      0.05 -0.0499772  0.0499792
      0.06 -0.0599632   0.059964
      0.07 -0.0575878  0.0699435
      0.08 -0.0859281  0.0799171
      0.09  -0.104716  0.0898823
       0.1  -0.113951   0.099837
      0.11  -0.113634    0.10978
      0.12  -0.103765   0.119713
      0.13  -0.129635   0.129634
      0.14  -0.139545   0.139543
      0.15  -0.149439   0.149438
      0.16  -0.159318   0.159318
      0.17  -0.169181   0.169182
      0.18  -0.179028    0.17903
      0.19  -0.188859   0.188859
       0.2  -0.198671   0.198669
      0.21  -0.208461    0.20846
      0.22   -0.21823    0.21823
      0.23  -0.227976   0.227978
      0.24  -0.237701   0.237703
      0.25  -0.247404   0.247404
      0.26  -0.257082   0.257081
      0.27  -0.266733   0.266731
      0.28  -0.276356   0.276356
      0.29  -0.285951   0.285952
       0.3  -0.295518    0.29552
      0.31  -0.305058   0.305059
      0.32  -0.314568   0.314567
      0.33  -0.324045   0.324043
      0.34  -0.333488   0.333487
      0.35  -0.342897   0.342898
      0.36  -0.352272   0.352274
      0.37  -0.361614   0.361615
      0.38  -0.370921    0.37092
      0.39   -0.38019   0.380188
       0.4   -0.38942   0.389418
      0.41  -0.398609   0.398609
      0.42  -0.407759    0.40776
      0.43  -0.416869   0.416871
      0.44   -0.42594   0.425939
      0.45  -0.434967   0.434966
      0.46   -0.44395   0.443948
      0.47  -0.452886   0.452886
      0.48  -0.461778   0.461779
      0.49  -0.470624   0.470626
       0.5  -0.479425   0.479426
      0.51  -0.488179   0.488177
      0.52  -0.496882    0.49688
      0.53  -0.505534   0.505533
      0.54  -0.514135   0.514136
      0.55  -0.522686   0.522687
      0.56  -0.531185   0.531186
      0.57  -0.539633   0.539632
      0.58  -0.548026   0.548024
      0.59  -0.556362   0.556361
       0.6  -0.564642   0.564642
      0.61  -0.572866   0.572867
      0.62  -0.581034   0.581035
      0.63  -0.589145   0.589145
      0.64  -0.597197   0.597195
      0.65  -0.605188   0.605186
      0.66  -0.613117   0.613117
      0.67  -0.620985   0.620986
      0.68  -0.628791   0.628793
      0.69  -0.636537   0.636537
       0.7  -0.644219   0.644218
      0.71  -0.651835   0.651834
      0.72  -0.659385   0.659385
      0.73  -0.666869    0.66687
      0.74  -0.674286   0.674288
      0.75  -0.681638   0.681639
      0.76  -0.688922   0.688921
      0.77  -0.696137   0.696135
      0.78   -0.70328   0.703279
      0.79  -0.710353   0.710353
       0.8  -0.717355   0.717356
      0.81  -0.724286   0.724287
      0.82  -0.731146   0.731146
      0.83  -0.737933   0.737931
      0.84  -0.744644   0.744643
      0.85   -0.75128    0.75128
      0.86  -0.757841   0.757843
      0.87  -0.764328   0.764329
      0.88  -0.770739   0.770739
      0.89  -0.777073   0.777072
       0.9  -0.783328   0.783327
      0.91  -0.789504   0.789504
      0.92  -0.795601   0.795602
      0.93  -0.801619    0.80162
      0.94  -0.807558   0.807558
      0.95  -0.813416   0.813415
      0.96  -0.819193   0.819192
      0.97  -0.824886   0.824886
      0.98  -0.830497   0.830497
      0.99  -0.836025   0.836026
         1   -0.84147   0.841471
      1.01  -0.846832   0.846832
      1.02  -0.852109   0.852108
      1.03    -0.8573   0.857299
      1.04  -0.862404   0.862404
      1.05  -0.867422   0.867423
      1.06  -0.872355   0.872355
      1.07  -0.877201     0.8772
      1.08  -0.881959   0.881958
      1.09  -0.886628   0.886627
       1.1  -0.891207   0.891207
      1.11  -0.895698   0.895699
      1.12    -0.9001     0.9001
      1.13  -0.904412   0.904412
      1.14  -0.908634   0.908633
      1.15  -0.912765   0.912764
      1.16  -0.916803   0.916803
      1.17   -0.92075   0.920751
      1.18  -0.924605   0.924606
      1.19  -0.928369   0.928369
       1.2   -0.93204   0.932039
      1.21  -0.935617   0.935616
      1.22    -0.9391   0.939099
      1.23  -0.942489   0.942489
      1.24  -0.945783   0.945784
      1.25  -0.948984   0.948985
      1.26  -0.952091    0.95209
      1.27  -0.955101   0.955101
      1.28  -0.958016   0.958016
      1.29  -0.960835   0.960835
       1.3  -0.963558   0.963558
      1.31  -0.966184   0.966185
      1.32  -0.968715   0.968715
      1.33  -0.971149   0.971148
      1.34  -0.973485   0.973485
      1.35  -0.975723   0.975723
      1.36  -0.977864   0.977865
      1.37  -0.979908   0.979908
      1.38  -0.981853   0.981854
      1.39  -0.983701   0.983701
       1.4   -0.98545    0.98545
      1.41    -0.9871     0.9871
      1.42  -0.988652   0.988652
      1.43  -0.990104   0.990105
      1.44  -0.991458   0.991458
      1.45  -0.992713   0.992713
      1.46  -0.993869   0.993868
      1.47  -0.994924   0.994924
      1.48  -0.995881   0.995881
      1.49  -0.996738   0.996738
       1.5  -0.997495   0.997495
      1.51  -0.998152   0.998152
      1.52   -0.99871    0.99871
      1.53  -0.999168   0.999168
      1.54  -0.999526   0.999526
      1.55  -0.999784   0.999784
      1.56  -0.999942   0.999942
      1.57         -1          1
      1.58  -0.999958   0.999958
      1.59  -0.999816   0.999816
       1.6  -0.999574   0.999574
      1.61  -0.999232   0.999232
      1.62   -0.99879    0.99879
      1.63  -0.998248   0.998248
      1.64  -0.997606   0.997606
      1.65  -0.996865   0.996865
      1.66  -0.996024   0.996024
      1.67  -0.995083   0.995083
      1.68  -0.994043   0.994043
      1.69  -0.992904   0.992904
       1.7  -0.991665   0.991665
      1.71  -0.990326   0.990327
      1.72   -0.98889    0.98889
      1.73  -0.987354   0.987354
      1.74  -0.985719   0.985719
      1.75  -0.983986   0.983986
      1.76  -0.982154   0.982154
      1.77  -0.980224   0.980224
      1.78  -0.978196   0.978197
      1.79  -0.976071   0.976071
       1.8  -0.973848   0.973848
      1.81  -0.971527   0.971527
      1.82  -0.969109   0.969109
      1.83  -0.966594   0.966594
      1.84  -0.963982   0.963983
      1.85  -0.961275   0.961275
      1.86  -0.958472   0.958471
      1.87  -0.955572   0.955571
      1.88  -0.952577   0.952576
      1.89  -0.949485   0.949486
       1.9  -0.946299     0.9463
      1.91   -0.94302    0.94302
      1.92  -0.939646   0.939645
      1.93  -0.936178   0.936177
      1.94  -0.932616   0.932615
      1.95  -0.928959    0.92896
      1.96  -0.925211   0.925212
      1.97   -0.92137   0.921371
      1.98  -0.917438   0.917438
      1.99  -0.913414   0.913413
         2  -0.909298   0.909297
      2.01  -0.905091   0.905091
      2.02  -0.900792   0.900793
      2.03  -0.896405   0.896406
      2.04  -0.891928   0.891929
      2.05  -0.887363   0.887362
      2.06  -0.882708   0.882707
      2.07  -0.877965   0.877964
      2.08  -0.873132   0.873133
      2.09  -0.868214   0.868215
       2.1  -0.863209   0.863209
      2.11  -0.858118   0.858118
      2.12  -0.852941    0.85294
      2.13  -0.847679   0.847678
      2.14   -0.84233    0.84233
      2.15  -0.836898   0.836899
      2.16  -0.831383   0.831383
      2.17  -0.825785   0.825785
      2.18  -0.820105   0.820104
      2.19  -0.814342   0.814341
       2.2  -0.808496   0.808496
      2.21   -0.80257   0.802571
      2.22  -0.796565   0.796565
      2.23   -0.79048    0.79048
      2.24  -0.784317   0.784316
      2.25  -0.778074   0.778073
      2.26  -0.771753   0.771753
      2.27  -0.765354   0.765355
      2.28   -0.75888   0.758881
      2.29   -0.75233   0.752331
       2.3  -0.745706   0.745705
      2.31  -0.739007   0.739005
      2.32  -0.732232   0.732231
      2.33  -0.725383   0.725384
      2.34  -0.718463   0.718465
      2.35  -0.711473   0.711473
      2.36  -0.704411   0.704411
      2.37  -0.697279   0.697278
      2.38  -0.690076   0.690075
      2.39  -0.682803   0.682803
       2.4  -0.675462   0.675463
      2.41  -0.668055   0.668056
      2.42  -0.660581   0.660581
      2.43  -0.653042   0.653041
      2.44  -0.645436   0.645435
      2.45  -0.637765   0.637765
      2.46  -0.630029   0.630031
      2.47  -0.622232   0.622234
      2.48  -0.614374   0.614374
      2.49  -0.606455   0.606454
       2.5  -0.598474   0.598472
      2.51  -0.590432   0.590431
      2.52  -0.582329   0.582331
      2.53  -0.574171   0.574172
      2.54  -0.565956   0.565956
      2.55  -0.557684   0.557684
      2.56  -0.549357   0.549355
      2.57  -0.540973   0.540972
      2.58  -0.532534   0.532535
      2.59  -0.524043   0.524044
       2.6    -0.5155   0.515501
      2.61  -0.506907   0.506907
      2.62  -0.498263   0.498262
      2.63  -0.489568   0.489567
      2.64  -0.480822   0.480823
      2.65  -0.472029   0.472031
      2.66   -0.46319   0.463191
      2.67  -0.454306   0.454306
      2.68  -0.445376   0.445375
      2.69  -0.436401   0.436399
       2.7   -0.42738    0.42738
      2.71  -0.418316   0.418318
      2.72  -0.409213   0.409214
      2.73  -0.400069   0.400069
      2.74  -0.390886   0.390885
      2.75  -0.381663   0.381661
      2.76    -0.3724   0.372399
      2.77  -0.363099     0.3631
      2.78  -0.353763   0.353764
      2.79  -0.344393   0.344393
       2.8  -0.334989   0.334988
      2.81  -0.325551   0.325549
      2.82   -0.31608   0.316078
      2.83  -0.306574   0.306575
      2.84  -0.297039   0.297041
      2.85  -0.287477   0.287478
      2.86  -0.277886   0.277886
      2.87  -0.268268   0.268266
      2.88  -0.258621   0.258619
      2.89  -0.248947   0.248947
       2.9  -0.239248   0.239249
      2.91  -0.229526   0.229528
      2.92  -0.219783   0.219784
      2.93  -0.210019   0.210017
      2.94  -0.200232    0.20023
      2.95  -0.190424   0.190423
      2.96  -0.180595   0.180596
      2.97   -0.17075   0.170752
      2.98   -0.16089    0.16089
      2.99  -0.151014   0.151013
         3  -0.141122    0.14112
      3.01  -0.131215   0.131213
      3.02  -0.121292   0.121293
      3.03  -0.111359   0.111361
      3.04  -0.101417   0.101418
      3.05 -0.0914651  0.0914646
      3.06 -0.0815039  0.0815022
      3.07 -0.0715333  0.0715315
      3.08 -0.0615533  0.0615537
      3.09 -0.0515678  0.0515698
       3.1 -0.0415792  0.0415807
      3.11 -0.0315874  0.0315874
      3.12 -0.0215924   0.021591
      3.13 -0.0115944  0.0115924
      3.14 -0.00159314 0.00159265
      3.15   0.008409 -0.00840725
      3.16  0.0184081 -0.0184063
      3.17   0.028404 -0.0284035
      3.18  0.0383968 -0.0383979
      3.19  0.0483865 -0.0483884
       3.2   0.058373 -0.0583741
      3.21  0.0683554  -0.068354
      3.22   0.078329  -0.078327
      3.23  0.0882932 -0.0882922
      3.24  0.0982479 -0.0982486
      3.25   0.108193  -0.108195
      3.26   0.118129  -0.118131
      3.27   0.128056  -0.128055
      3.28   0.137968  -0.137966
      3.29   0.147864  -0.147863
       3.3   0.157745  -0.157746
      3.31   0.167611  -0.167612
      3.32   0.177461  -0.177462
      3.33   0.187295  -0.187295
      3.34    0.19711  -0.197108
      3.35   0.206904  -0.206902
      3.36   0.216675  -0.216675
      3.37   0.226425  -0.226427
      3.38   0.236153  -0.236155
      3.39    0.24586   -0.24586
       3.4   0.255543  -0.255541
      3.41   0.265198  -0.265196
      3.42   0.274825  -0.274825
      3.43   0.284425  -0.284426
      3.44   0.293996  -0.293998
      3.45    0.30354  -0.303542
      3.46   0.313055  -0.313054
      3.47   0.322538  -0.322536
      3.48   0.331986  -0.331985
      3.49   0.341401  -0.341401
       3.5   0.350782  -0.350783
      3.51   0.360128   -0.36013
      3.52   0.369441  -0.369441
      3.53   0.378717  -0.378715
      3.54   0.387952  -0.387951
      3.55   0.397148  -0.397148
      3.56   0.406304  -0.406306
      3.57   0.415421  -0.415423
      3.58   0.424498  -0.424498
      3.59   0.433532  -0.433531
       3.6   0.442522   -0.44252
      3.61   0.451466  -0.451466
      3.62   0.460365  -0.460366
      3.63   0.469218   -0.46922
      3.64   0.478026  -0.478027
      3.65   0.486788  -0.486787
      3.66   0.495499  -0.495497
      3.67   0.504159  -0.504159
      3.68   0.512769  -0.512769
      3.69   0.521327  -0.521329
       3.7   0.529835  -0.529836
      3.71   0.538291   -0.53829
      3.72   0.546693  -0.546691
      3.73   0.555038  -0.555037
      3.74   0.563327  -0.563327
      3.75    0.57156  -0.571561
      3.76   0.579737  -0.579738
      3.77   0.587857  -0.587857
      3.78   0.595919  -0.595917
      3.79   0.603919  -0.603918
       3.8   0.611858  -0.611858
      3.81   0.619736  -0.619737
      3.82   0.627552  -0.627554
      3.83   0.635307  -0.635308
      3.84      0.643  -0.642999
      3.85   0.650627  -0.650625
      3.86   0.658187  -0.658186
      3.87   0.665681  -0.665682
      3.88   0.673109  -0.673111
      3.89   0.680472  -0.680473
       3.9   0.687767  -0.687766
      3.91   0.694992  -0.694991
      3.92   0.702147  -0.702146
      3.93   0.709231  -0.709231
      3.94   0.716244  -0.716246
      3.95   0.723187  -0.723188
      3.96   0.730059  -0.730058
      3.97   0.736857  -0.736856
      3.98    0.74358  -0.743579
      3.99   0.750228  -0.750228
         4   0.756802  -0.756802
      4.01     0.7633  -0.763301
      4.02   0.769723  -0.769723
      4.03   0.776069  -0.776068
      4.04   0.782337  -0.782336
      4.05   0.788526  -0.788525
      4.06   0.794635  -0.794636
      4.07   0.800666  -0.800667
      4.08   0.806617  -0.806618
      4.09   0.812489  -0.812488
       4.1   0.818278  -0.818277
      4.11   0.823985  -0.823984
      4.12   0.829609  -0.829609
      4.13    0.83515  -0.835151
      4.14   0.840609  -0.840609
      4.15   0.845984  -0.845984
      4.16   0.851274  -0.851273
      4.17   0.856479  -0.856478
      4.18   0.861597  -0.861597
      4.19   0.866629   -0.86663
       4.2   0.871575  -0.871576
      4.21   0.876435  -0.876435
      4.22   0.881207  -0.881206
      4.23    0.88589  -0.885889
      4.24   0.890484  -0.890484
      4.25   0.894989  -0.894989
      4.26   0.899405  -0.899405
      4.27   0.903731  -0.903732
      4.28   0.907968  -0.907967
      4.29   0.912113  -0.912112
       4.3   0.916166  -0.916166
      4.31   0.920128  -0.920128
      4.32   0.923997  -0.923998
      4.33   0.927775  -0.927776
      4.34   0.931461  -0.931461
      4.35   0.935053  -0.935053
      4.36   0.938551  -0.938551
      4.37   0.941955  -0.941955
      4.38   0.945265  -0.945265
      4.39   0.948481  -0.948481
       4.4   0.951602  -0.951602
      4.41   0.954628  -0.954628
      4.42   0.957558  -0.957558
      4.43   0.960392  -0.960392
      4.44   0.963131  -0.963131
      4.45   0.965773  -0.965773
      4.46   0.968319  -0.968319
      4.47   0.970768  -0.970767
      4.48   0.973119  -0.973119
      4.49   0.975373  -0.975373
       4.5    0.97753   -0.97753
      4.51   0.979589  -0.979589
      4.52    0.98155   -0.98155
      4.53   0.983413  -0.983413
      4.54   0.985178  -0.985178
      4.55   0.986844  -0.986844
      4.56   0.988411  -0.988411
      4.57    0.98988   -0.98988
      4.58   0.991249  -0.991249
      4.59    0.99252   -0.99252
       4.6   0.993691  -0.993691
      4.61   0.994763  -0.994763
      4.62   0.995735  -0.995735
      4.63   0.996608  -0.996608
      4.64   0.997381  -0.997381
      4.65   0.998054  -0.998054
      4.66   0.998628  -0.998628
      4.67   0.999102  -0.999102
      4.68   0.999476  -0.999476
      4.69   0.999749  -0.999749
       4.7   0.999923  -0.999923
      4.71   0.999997  -0.999997
      4.72   0.999971  -0.999971
      4.73   0.999845  -0.999845
      4.74   0.999619  -0.999619
      4.75   0.999293  -0.999293
      4.76   0.998867  -0.998867
      4.77   0.998341  -0.998341
      4.78   0.997715  -0.997715
      4.79    0.99699   -0.99699
       4.8   0.996165  -0.996165
      4.81    0.99524   -0.99524
      4.82   0.994216  -0.994215
      4.83   0.993092  -0.993092
      4.84   0.991869  -0.991869
      4.85   0.990546  -0.990547
      4.86   0.989125  -0.989125
      4.87   0.987605  -0.987605
      4.88   0.985986  -0.985986
      4.89   0.984269  -0.984269
       4.9   0.982453  -0.982453
      4.91   0.980538  -0.980538
      4.92   0.978526  -0.978526
      4.93   0.976416  -0.976416
      4.94   0.974209  -0.974208
      4.95   0.971904  -0.971903
      4.96   0.969501  -0.969501
      4.97   0.967001  -0.967001
      4.98   0.964405  -0.964405
      4.99   0.961713  -0.961713
         5   0.958924  -0.958924
      5.01    0.95604   -0.95604
      5.02    0.95306   -0.95306
      5.03   0.949984  -0.949984
      5.04   0.946813  -0.946814
      5.05   0.943548  -0.943549
      5.06   0.940189  -0.940189
      5.07   0.936736  -0.936736
      5.08   0.933189  -0.933189
      5.09   0.929548  -0.929548
       5.1   0.925814  -0.925815
      5.11   0.921988  -0.921989
      5.12    0.91807   -0.91807
      5.13   0.914061   -0.91406
      5.14    0.90996  -0.909959
      5.15   0.905767  -0.905767
      5.16   0.901483  -0.901484
      5.17    0.89711  -0.897111
      5.18   0.892647  -0.892648
      5.19   0.888096  -0.888096
       5.2   0.883456  -0.883455
      5.21   0.878726  -0.878725
      5.22   0.873908  -0.873908
      5.23   0.869003  -0.869004
      5.24   0.864012  -0.864012
      5.25   0.858935  -0.858934
      5.26   0.853772  -0.853771
      5.27   0.848523  -0.848522
      5.28   0.843187  -0.843188
      5.29   0.837768  -0.837769
       5.3   0.832267  -0.832267
      5.31   0.826682  -0.826682
      5.32   0.821015  -0.821014
      5.33   0.815265  -0.815264
      5.34   0.809433  -0.809433
      5.35   0.803519   -0.80352
      5.36   0.797526  -0.797527
      5.37   0.791454  -0.791455
      5.38   0.785304  -0.785303
      5.39   0.779074  -0.779073
       5.4   0.772765  -0.772764
      5.41   0.766378  -0.766379
      5.42   0.759916  -0.759917
      5.43   0.753378  -0.753379
      5.44   0.746766  -0.746765
      5.45   0.740079  -0.740077
      5.46   0.733316  -0.733315
      5.47   0.726479   -0.72648
      5.48    0.71957  -0.719572
      5.49   0.712591  -0.712592
       5.5   0.705541   -0.70554
      5.51    0.69842  -0.698418
      5.52   0.691228  -0.691227
      5.53   0.683966  -0.683966
      5.54   0.676635  -0.676637
      5.55   0.669239   -0.66924
      5.56   0.661776  -0.661776
      5.57   0.654247  -0.654246
      5.58   0.646652  -0.646651
      5.59   0.638991  -0.638991
       5.6   0.631265  -0.631267
      5.61   0.623478   -0.62348
      5.62    0.61563   -0.61563
      5.63    0.60772  -0.607719
      5.64   0.599749  -0.599747
      5.65   0.591717  -0.591716
      5.66   0.583624  -0.583625
      5.67   0.575474  -0.575475
      5.68   0.567268  -0.567269
      5.69   0.559005  -0.559005
       5.7   0.550687  -0.550686
      5.71   0.542312  -0.542311
      5.72   0.533882  -0.533882
      5.73   0.525398    -0.5254
      5.74   0.516864  -0.516865
      5.75   0.508279  -0.508279
      5.76   0.499643  -0.499642
      5.77   0.490956  -0.490955
      5.78   0.482219  -0.482218
      5.79   0.473432  -0.473434
       5.8   0.464601  -0.464602
      5.81   0.455724  -0.455724
      5.82   0.446801    -0.4468
      5.83   0.437833  -0.437832
      5.84    0.42882  -0.428819
      5.85   0.419763  -0.419764
      5.86   0.410665  -0.410667
      5.87   0.401528  -0.401529
      5.88   0.392351   -0.39235
      5.89   0.383134  -0.383133
       5.9   0.373878  -0.373877
      5.91   0.364582  -0.364583
      5.92   0.355252  -0.355254
      5.93   0.345887  -0.345888
      5.94   0.336489  -0.336488
      5.95   0.327056  -0.327055
      5.96    0.31759  -0.317589
      5.97    0.30809  -0.308091
      5.98    0.29856  -0.298562
      5.99   0.289002  -0.289003
         6   0.279415  -0.279415
      6.01   0.269801    -0.2698
      6.02   0.260159  -0.260157
      6.03    0.25049  -0.250489
      6.04   0.240794  -0.240795
      6.05   0.231076  -0.231078
      6.06   0.221337  -0.221337
      6.07   0.211575  -0.211574
      6.08   0.201792   -0.20179
      6.09   0.191987  -0.191986
       6.1   0.182161  -0.182163
      6.11   0.172319  -0.172321
      6.12   0.162461  -0.162462
      6.13   0.152588  -0.152587
      6.14   0.142698  -0.142697
      6.15   0.132794  -0.132792
      6.16  0.0260326  -0.122874
      6.17   0.107295   -0.11295
      6.18   0.150452  -0.103015
      6.19   0.155502 -0.0930659
       6.2   0.122447 -0.0831013
      6.21  0.0512847 -0.0731247
      6.22 -0.0579833 -0.0631433
      6.23  -0.205358  -0.053168
      6.24  -0.390838 -0.0432136
      6.25  -0.614424 -0.0332985
      6.26  -0.876117 -0.0234453
      6.27   -1.17592 -0.0136799
      6.28   -1.51382 -0.0040325
