         0         -1          0
       0.1         -1          0
       0.2         -1          0
       0.3         -1          0
       0.4         -1          0
       0.5         -1          0
       0.6         -1          0
       0.7         -1          0
       0.8         -1          0
       0.9         -1          0
         1         -1          0
       1.1     -1.009          0
       1.2     -1.032          0
       1.3     -1.063          0
       1.4     -1.096          0
       1.5     -1.125          0
       1.6     -1.144          0
       1.7     -1.147          0
       1.8     -1.128          0
       1.9     -1.081          0
         2         -1          0
       2.1       -0.9          0
       2.2       -0.8          0
       2.3       -0.7          0
       2.4       -0.6          0
       2.5       -0.5          0
       2.6       -0.4          0
       2.7       -0.3          0
       2.8       -0.2          0
       2.9       -0.1          0
         3          0          0
       3.1      0.109          0
       3.2      0.232          0
       3.3      0.363          0
       3.4      0.496          0
       3.5      0.625          0
       3.6      0.744          0
       3.7      0.847          0
       3.8      0.928          0
       3.9      0.981          0
         4          1          0
       4.1          1          0
       4.2          1          0
       4.3          1          0
       4.4          1          0
       4.5          1          0
       4.6          1          0
       4.7          1          0
       4.8          1          0
       4.9          1          0
         5          1          0
       5.1          1          0
       5.2          1          0
       5.3          1          0
       5.4          1          0
       5.5          1          0
       5.6          1          0
       5.7          1          0
       5.8          1          0
       5.9          1          0
         6          1          0
