     -3.14 -0.00159265
  -3.01184  -0.129392
  -2.88367  -0.255069
  -2.75551  -0.376562
  -2.62735  -0.491878
  -2.49918  -0.599126
  -2.37102  -0.696546
  -2.24286   -0.78254
  -2.11469  -0.855698
  -1.98653   -0.91482
  -1.85837  -0.958936
   -1.7302  -0.987321
  -1.60204  -0.999512
  -1.47388  -0.995307
  -1.34571  -0.974776
  -1.21755  -0.938255
  -1.08939  -0.886344
 -0.961224  -0.819893
 -0.833061  -0.739994
 -0.704898  -0.647956
 -0.576735   -0.54529
 -0.448571  -0.433679
 -0.320408  -0.314954
 -0.192245  -0.191063
-0.0640816 -0.0640378
 0.0640816  0.0640378
  0.192245   0.191063
  0.320408   0.314954
  0.448571   0.433679
  0.576735    0.54529
  0.704898   0.647956
  0.833061   0.739994
  0.961224   0.819893
   1.08939   0.886344
   1.21755   0.938255
   1.34571   0.974776
   1.47388   0.995307
   1.60204   0.999512
    1.7302   0.987321
   1.85837   0.958936
   1.98653    0.91482
   2.11469   0.855698
   2.24286    0.78254
   2.37102   0.696546
   2.49918   0.599126
   2.62735   0.491878
   2.75551   0.376562
   2.88367   0.255069
   3.01184   0.129392
      3.14 0.00159265
