        -3   -0.14112  -0.147155
  -2.89831  -0.240895  -0.243031
  -2.79661   -0.33818  -0.338151
  -2.69492  -0.431971  -0.430987
  -2.59322  -0.521299  -0.520136
  -2.49153   -0.60524  -0.604336
  -2.38983  -0.682927  -0.682466
  -2.28814  -0.753558  -0.753551
  -2.18644  -0.816402  -0.816757
  -2.08475   -0.87081  -0.871383
  -1.98305   -0.91622   -0.91686
  -1.88136  -0.952163  -0.952739
  -1.77966  -0.978267  -0.978687
  -1.67797  -0.994263  -0.994477
  -1.57627  -0.999985  -0.999989
  -1.47458  -0.995374  -0.995198
  -1.37288  -0.980479  -0.980178
  -1.27119  -0.955452  -0.955095
  -1.16949  -0.920552   -0.92021
   -1.0678   -0.87614  -0.875875
 -0.966102  -0.822676  -0.822531
 -0.864407   -0.76071  -0.760709
 -0.762712  -0.690885  -0.691028
 -0.661017   -0.61392  -0.614186
 -0.559322  -0.530612  -0.530962
 -0.457627  -0.441821  -0.442206
 -0.355932  -0.348464  -0.348831
 -0.254237  -0.251507  -0.251804
 -0.152542  -0.151951  -0.152136
-0.0508475 -0.0508255 -0.0508726
 0.0508475  0.0508255  0.0509246
  0.152542   0.151951   0.152185
  0.254237   0.251507   0.251847
  0.355932   0.348464   0.348865
  0.457627   0.441821   0.442228
  0.559322   0.530612    0.53097
  0.661017    0.61392   0.614177
  0.762712   0.690885      0.691
  0.864407    0.76071   0.760662
  0.966102   0.822676   0.822464
    1.0678    0.87614   0.875788
   1.16949   0.920552   0.920105
   1.27119   0.955452   0.954974
   1.37288   0.980479   0.980044
   1.47458   0.995374   0.995057
   1.57627   0.999985   0.999847
   1.67797   0.994263   0.994341
   1.77966   0.978267   0.978563
   1.88136   0.952163   0.952635
   1.98305    0.91622   0.916781
   2.08475    0.87081   0.871334
   2.18644   0.816402   0.816738
   2.28814   0.753558   0.753557
   2.38983   0.682927   0.682485
   2.49153    0.60524   0.604347
   2.59322   0.521299   0.520109
   2.69492   0.431971   0.430876
   2.79661    0.33818   0.337899
   2.89831   0.240895   0.242565
         3    0.14112   0.146386
