         0    4.95867
         0    4.95867
         0    4.95867
         0    4.95867
         0    4.95867
         0    4.95867
         0    4.95867
         1    4.78729
         1    4.78729
         1    4.78729
         1    4.78729
         1    4.78729
         1    4.78729
         2    4.61591
         2    4.61591
         2    4.61591
         2    4.61591
         2    4.61591
         2    4.61591
         3    4.44453
         3    4.44453
         3    4.44453
         3    4.44453
         3    4.44453
         3    4.44453
         4    4.27315
         4    4.27315
         4    4.27315
         4    4.27315
         4    4.27315
         4    4.27315
         5    4.10177
         5    4.10177
         5    4.10177
         5    4.10177
         5    4.10177
         5    4.10177
         5    4.10177
         6    3.93039
         6    3.93039
         6    3.93039
         6    3.93039
         6    3.93039
         6    3.93039
         7    3.75901
         7    3.75901
         7    3.75901
         7    3.75901
         7    3.75901
         7    3.75901
         8    3.58763
         8    3.58763
         8    3.58763
         8    3.58763
         8    3.58763
         8    3.58763
         9    3.41625
         9    3.41625
         9    3.41625
         9    3.41625
         9    3.41625
         9    3.41625
        10    3.24487
        10    3.24487
        10    3.24487
        10    3.24487
        10    3.24487
        10    3.24487
        10    3.24487
        11    3.07349
        11    3.07349
        11    3.07349
        11    3.07349
        11    3.07349
        11    3.07349
        12    2.90212
        12    2.90212
        12    2.90212
        12    2.90212
        12    2.90212
        12    2.90212
        13    2.73074
        13    2.73074
        13    2.73074
        13    2.73074
        13    2.73074
        13    2.73074
        14    2.55936
        14    2.55936
        14    2.55936
        14    2.55936
        14    2.55936
        14    2.55936
        15    2.38798
        15    2.38798
        15    2.38798
        15    2.38798
        15    2.38798
        15    2.38798
