         0    84.0188          0 
       0.2    75.1027    15.9121 
       0.4    66.1866    30.0411 
       0.6    57.2705    42.3868 
       0.8    48.3544    52.9493 
         1    39.4383    61.7285 
       1.2    47.2126    70.3936 
       1.4    54.9869    80.6136 
       1.6    62.7613    92.3884 
       1.8    70.5356    105.718 
         2    78.3099    120.603 
       2.2    78.6167    136.295 
       2.4    78.9236    152.049 
       2.6    79.2304    167.865 
       2.8    79.5372    183.741 
         3     79.844     199.68 
       3.2    82.1081    215.875 
       3.4    84.3723    232.523 
       3.6    86.6364    249.624 
       3.8    88.9006    267.177 
         4    91.1647    285.184 
       4.2    76.8828    301.989 
       4.4    62.6009    315.937 
       4.6     48.319    327.029 
       4.8    34.0371    335.265 
         5    19.7551    340.644 
       5.2    22.5086     344.87 
       5.4     25.262    349.647 
       5.6    28.0154    354.975 
       5.8    30.7688    360.854 
         6    33.5223    367.283 
       6.2    42.1824    374.853 
       6.4    50.8425    384.156 
       6.6    59.5027     395.19 
       6.8    68.1628    407.957 
         7     76.823    422.455 
       7.2    67.0139    436.839 
       7.4    57.2048    449.261 
       7.6    47.3957    459.721 
       7.8    37.5866    468.219 
         8    27.7775    474.755 
       8.2    33.3014    480.863 
       8.4    38.8253    488.076 
       8.6    44.3492    496.393 
       8.8    49.8731    505.816 
         9     55.397    516.343 
