         0          0
       0.2        0.2
       0.4        0.4
       0.6        0.6
       0.8        0.8
         1          1
       1.2        1.6
       1.4        2.2
       1.6        2.8
       1.8        3.4
         2          4
       2.2          5
       2.4          6
       2.6          7
       2.8          8
         3          9
       3.2       10.4
       3.4       11.8
       3.6       13.2
       3.8       14.6
         4         16
       4.2       17.8
       4.4       19.6
       4.6       21.4
       4.8       23.2
         5         25
       5.2       27.2
       5.4       29.4
       5.6       31.6
       5.8       33.8
         6         36
       6.2       38.6
       6.4       41.2
       6.6       43.8
       6.8       46.4
         7         49
       7.2         52
       7.4         55
       7.6         58
       7.8         61
         8         64
       8.2       67.4
       8.4       70.8
       8.6       74.2
       8.8       77.6
         9         81
