         0          0
       0.2       0.02
       0.4       0.08
       0.6       0.18
       0.8       0.32
         1        0.5
       1.2       0.76
       1.4       1.14
       1.6       1.64
       1.8       2.26
         2          3
       2.2        3.9
       2.4          5
       2.6        6.3
       2.8        7.8
         3        9.5
       3.2      11.44
       3.4      13.66
       3.6      16.16
       3.8      18.94
         4         22
       4.2      25.38
       4.4      29.12
       4.6      33.22
       4.8      37.68
         5       42.5
       5.2      47.72
       5.4      53.38
       5.6      59.48
       5.8      66.02
         6         73
       6.2      80.46
       6.4      88.44
       6.6      96.94
       6.8     105.96
         7      115.5
       7.2      125.6
       7.4      136.3
       7.6      147.6
       7.8      159.5
         8        172
       8.2     185.14
       8.4     198.96
       8.6     213.46
       8.8     228.64
         9      244.5
