         0          0 
       0.2       0.02 
       0.4       0.08 
       0.6       0.18 
       0.8       0.32 
         1        0.5 
       1.6       0.76 
       2.2       1.14 
       2.8       1.64 
       3.4       2.26 
         4          3 
         5        3.9 
         6          5 
         7        6.3 
         8        7.8 
         9        9.5 
      10.4      11.44 
      11.8      13.66 
      13.2      16.16 
      14.6      18.94 
        16         22 
      17.8      25.38 
      19.6      29.12 
      21.4      33.22 
      23.2      37.68 
        25       42.5 
      27.2      47.72 
      29.4      53.38 
      31.6      59.48 
      33.8      66.02 
        36         73 
      38.6      80.46 
      41.2      88.44 
      43.8      96.94 
      46.4     105.96 
        49      115.5 
        52      125.6 
        55      136.3 
        58      147.6 
        61      159.5 
        64        172 
      67.4     185.14 
      70.8     198.96 
      74.2     213.46 
      77.6     228.64 
        81      244.5 
