         0          0
       0.1        0.1
       0.2        0.2
       0.3        0.3
       0.4        0.4
       0.5        0.5
       0.6        0.6
       0.7        0.7
       0.8        0.8
       0.9        0.9
         1          1
       1.1        1.3
       1.2        1.6
       1.3        1.9
       1.4        2.2
       1.5        2.5
       1.6        2.8
       1.7        3.1
       1.8        3.4
       1.9        3.7
         2          4
       2.1        4.5
       2.2          5
       2.3        5.5
       2.4          6
       2.5        6.5
       2.6          7
       2.7        7.5
       2.8          8
       2.9        8.5
         3          9
       3.1        9.7
       3.2       10.4
       3.3       11.1
       3.4       11.8
       3.5       12.5
       3.6       13.2
       3.7       13.9
       3.8       14.6
       3.9       15.3
         4         16
       4.1       16.9
       4.2       17.8
       4.3       18.7
       4.4       19.6
       4.5       20.5
       4.6       21.4
       4.7       22.3
       4.8       23.2
       4.9       24.1
         5         25
       5.1       26.1
       5.2       27.2
       5.3       28.3
       5.4       29.4
       5.5       30.5
       5.6       31.6
       5.7       32.7
       5.8       33.8
       5.9       34.9
         6         36
       6.1       37.3
       6.2       38.6
       6.3       39.9
       6.4       41.2
       6.5       42.5
       6.6       43.8
       6.7       45.1
       6.8       46.4
       6.9       47.7
         7         49
       7.1       50.5
       7.2         52
       7.3       53.5
       7.4         55
       7.5       56.5
       7.6         58
       7.7       59.5
       7.8         61
       7.9       62.5
         8         64
       8.1       65.7
       8.2       67.4
       8.3       69.1
       8.4       70.8
       8.5       72.5
       8.6       74.2
       8.7       75.9
       8.8       77.6
       8.9       79.3
         9         81
