0 0 0 0
0.00990099 0.00437636 -0.00874848 0.0131121
0.019802 0.00874848 -0.0174631 0.0261102
0.029703 0.0131121 -0.0261102 0.038881
0.039604 0.0174631 -0.0346562 0.0513136
0.049505 0.0217972 -0.0430682 0.0632996
0.0594059 0.0261102 -0.0513136 0.0747349
0.0693069 0.0303979 -0.0593604 0.0855198
0.0792079 0.0346562 -0.0671776 0.0955607
0.0891089 0.038881 -0.0747349 0.10477
0.0990099 0.0430682 -0.082003 0.113068
0.108911 0.0472137 -0.0889539 0.120382
0.118812 0.0513136 -0.0955607 0.126648
0.128713 0.0553638 -0.101798 0.131812
0.138614 0.0593604 -0.107641 0.13583
0.148515 0.0632996 -0.113068 0.138665
0.158416 0.0671776 -0.118057 0.140294
0.168317 0.0709906 -0.12259 0.140702
0.178218 0.0747349 -0.126648 0.139886
0.188119 0.0784069 -0.130216 0.137853
0.19802 0.082003 -0.133281 0.13462
0.207921 0.0855198 -0.13583 0.130216
0.217822 0.0889539 -0.137853 0.124679
0.227723 0.092302 -0.139343 0.118057
0.237624 0.0955607 -0.140294 0.110408
0.247525 0.098727 -0.140702 0.101798
0.257426 0.101798 -0.140566 0.092302
0.267327 0.10477 -0.139886 0.082003
0.277228 0.107641 -0.138665 0.0709906
0.287129 0.110408 -0.136908 0.0593604
0.29703 0.113068 -0.13462 0.0472137
0.306931 0.115618 -0.131812 0.0346562
0.316832 0.118057 -0.128494 0.0217972
0.326733 0.120382 -0.124679 0.00874848
0.336634 0.12259 -0.120382 -0.00437636
0.346535 0.124679 -0.115618 -0.0174631
0.356436 0.126648 -0.110408 -0.0303979
0.366337 0.128494 -0.10477 -0.0430682
0.376238 0.130216 -0.098727 -0.0553638
0.386139 0.131812 -0.092302 -0.0671776
0.39604 0.133281 -0.0855198 -0.0784069
0.405941 0.13462 -0.0784069 -0.0889539
0.415842 0.13583 -0.0709906 -0.098727
0.425743 0.136908 -0.0632996 -0.107641
0.435644 0.137853 -0.0553638 -0.115618
0.445545 0.138665 -0.0472137 -0.12259
0.455446 0.139343 -0.038881 -0.128494
0.465347 0.139886 -0.0303979 -0.133281
0.475248 0.140294 -0.0217972 -0.136908
0.485149 0.140566 -0.0131121 -0.139343
0.49505 0.140702 -0.00437636 -0.140566
0.50495 0.140702 0.00437636 -0.140566
0.514851 0.140566 0.0131121 -0.139343
0.524752 0.140294 0.0217972 -0.136908
0.534653 0.139886 0.0303979 -0.133281
0.544554 0.139343 0.038881 -0.128494
0.554455 0.138665 0.0472137 -0.12259
0.564356 0.137853 0.0553638 -0.115618
0.574257 0.136908 0.0632996 -0.107641
0.584158 0.13583 0.0709906 -0.098727
0.594059 0.13462 0.0784069 -0.0889539
0.60396 0.133281 0.0855198 -0.0784069
0.613861 0.131812 0.092302 -0.0671776
0.623762 0.130216 0.098727 -0.0553638
0.633663 0.128494 0.10477 -0.0430682
0.643564 0.126648 0.110408 -0.0303979
0.653465 0.124679 0.115618 -0.0174631
0.663366 0.12259 0.120382 -0.00437636
0.673267 0.120382 0.124679 0.00874848
0.683168 0.118057 0.128494 0.0217972
0.693069 0.115618 0.131812 0.0346562
0.70297 0.113068 0.13462 0.0472137
0.712871 0.110408 0.136908 0.0593604
0.722772 0.107641 0.138665 0.0709906
0.732673 0.10477 0.139886 0.082003
0.742574 0.101798 0.140566 0.092302
0.752475 0.098727 0.140702 0.101798
0.762376 0.0955607 0.140294 0.110408
0.772277 0.092302 0.139343 0.118057
0.782178 0.0889539 0.137853 0.124679
0.792079 0.0855198 0.13583 0.130216
0.80198 0.082003 0.133281 0.13462
0.811881 0.0784069 0.130216 0.137853
0.821782 0.0747349 0.126648 0.139886
0.831683 0.0709906 0.12259 0.140702
0.841584 0.0671776 0.118057 0.140294
0.851485 0.0632996 0.113068 0.138665
0.861386 0.0593604 0.107641 0.13583
0.871287 0.0553638 0.101798 0.131812
0.881188 0.0513136 0.0955607 0.126648
0.891089 0.0472137 0.0889539 0.120382
0.90099 0.0430682 0.082003 0.113068
0.910891 0.038881 0.0747349 0.10477
0.920792 0.0346562 0.0671776 0.0955607
0.930693 0.0303979 0.0593604 0.0855198
0.940594 0.0261102 0.0513136 0.0747349
0.950495 0.0217972 0.0430682 0.0632996
0.960396 0.0174631 0.0346562 0.0513136
0.970297 0.0131121 0.0261102 0.038881
0.980198 0.00874848 0.0174631 0.0261102
0.990099 0.00437636 0.00874848 0.0131121
1 0 0 0
