        -2        nan 8.41067e+12        nan
    -1.875    4.59212    4.59212    1.52434
     -1.75    2.76237    2.76237    1.01609
    -1.625    2.33397    2.33397    0.84757
      -1.5    2.36327    2.36327   0.860047
    -1.375     2.7821     2.7821    1.02321
     -1.25    3.92133    3.92133    1.36643
    -1.125    7.74864    7.74864    2.04752
        -1        nan -3.36427e+13        nan
    -0.875   -8.61022   -8.61022       -nan
     -0.75   -4.83415   -4.83415       -nan
    -0.625    -3.7927    -3.7927       -nan
      -0.5   -3.54491   -3.54491       -nan
    -0.375   -3.82538   -3.82538       -nan
     -0.25   -4.90167   -4.90167       -nan
    -0.125   -8.71722   -8.71722       -nan
         0        inf        inf        inf
     0.125    7.53394    7.53394    2.01942
      0.25    3.62561    3.62561    1.28802
     0.375    2.37044    2.37044   0.863074
       0.5    1.77245    1.77245   0.572365
     0.625    1.43452    1.43452   0.360829
      0.75    1.22542    1.22542   0.203281
     0.875    1.08965    1.08965  0.0858587
         1          1          1          0
     1.125   0.941743   0.941743 -0.0600232
      1.25   0.906402   0.906402 -0.0982718
     1.375   0.888914   0.888914  -0.117755
       1.5   0.886227   0.886227  -0.120782
     1.625   0.896574   0.896574  -0.109174
      1.75   0.919063   0.919063 -0.0844011
     1.875   0.953446   0.953446 -0.0476727
         2          1          1          0
     2.125    1.05946    1.05946  0.0577599
      2.25      1.133      1.133   0.124872
     2.375    1.22226    1.22226   0.200698
       2.5    1.32934    1.32934   0.284683
     2.625    1.45693    1.45693   0.376334
      2.75    1.60836    1.60836   0.475215
     2.875    1.78771    1.78771   0.580936
         3          2          2   0.693147
     3.125    2.25135    2.25135   0.811532
      3.25    2.54926    2.54926   0.935802
     3.375    2.90286    2.90286     1.0657
       3.5    3.32335    3.32335    1.20097
     3.625    3.82445    3.82445    1.34141
      3.75    4.42299    4.42299    1.48682
     3.875    5.13967    5.13967    1.63699
         4          6          6    1.79176
     4.125    7.03548    7.03548    1.95097
      4.25    8.28509    8.28509    2.11446
     4.375    9.79715    9.79715    2.28209
       4.5    11.6317    11.6317    2.45374
     4.625    13.8636    13.8636    2.62927
      4.75    16.5862    16.5862    2.80857
     4.875    19.9162    19.9162    2.99153
         5         24         24    3.17805
