         -2        nan 6.41326e+15
   -1.88889    5.07601    5.07601
   -1.77778    2.96994    2.96994
   -1.66667    2.41104    2.41104
   -1.55556    2.30606    2.30606
   -1.44444    2.49342    2.49342
   -1.33333    3.04677    3.04677
   -1.22222    4.38192    4.38192
   -1.11111    8.72985    8.72985
         -1 -2.2518e+15 -2.15957e+15
  -0.888889   -9.58802   -9.58802
  -0.777778   -5.27989   -5.27989
  -0.666667   -4.01841   -4.01841
  -0.555556   -3.58721   -3.58721
  -0.444444   -3.60161   -3.60161
  -0.333333   -4.06235   -4.06235
  -0.222222   -5.35568   -5.35568
  -0.111111   -9.69983   -9.69983
 6.10623e-16 1.63767e+15 1.63767e+15
   0.111111    8.52269    8.52269
   0.222222    4.10658    4.10658
   0.333333    2.67894    2.67894
   0.444444    1.99289    1.99289
   0.555556    1.60072    1.60072
   0.666667    1.35412    1.35412
   0.777778    1.19015    1.19015
   0.888889    1.07776    1.07776
          1          1          1
    1.11111   0.946965   0.946965
    1.22222   0.912573   0.912573
    1.33333    0.89298    0.89298
    1.44444    0.88573    0.88573
    1.55556   0.889287   0.889287
    1.66667   0.902745   0.902745
    1.77778   0.925673   0.925673
    1.88889   0.958008   0.958008
          2          1          1
    2.11111    1.05218    1.05218
    2.22222    1.11537    1.11537
    2.33333    1.19064    1.19064
    2.44444    1.27939    1.27939
    2.55556    1.38333    1.38333
    2.66667    1.50458    1.50458
    2.77778    1.64564    1.64564
    2.88889    1.80957    1.80957
          3          2          2
    3.11111    2.22128    2.22128
    3.22222    2.47859    2.47859
    3.33333    2.77816    2.77816
    3.44444    3.12739    3.12739
    3.55556    3.53519    3.53519
    3.66667     4.0122     4.0122
    3.77778    4.57123    4.57123
    3.88889    5.22765    5.22765
          4          6          6
    4.11111    6.91064    6.91064
    4.22222    7.98658    7.98658
    4.33333    9.26053    9.26053
    4.44444    10.7721    10.7721
    4.55556    12.5696    12.5696
    4.66667    14.7114    14.7114
    4.77778    17.2691    17.2691
    4.88889    20.3297    20.3297
          5         24         24
