         0          1          0          0 
 0.0490549   0.998797 -0.0490549          0 
 0.0958761   0.995405  -0.095766          0 
  0.140826   0.990095  -0.140413          0 
  0.184201   0.983073  -0.183226          0 
  0.226242   0.974501  -0.224393          0 
   0.26715   0.964506  -0.264071          0 
  0.307092    0.95319  -0.302384          0 
  0.346207   0.940633  -0.339437          0 
  0.384613   0.926902  -0.375313          0 
  0.422409   0.912055  -0.410077          0 
  0.459679   0.896138  -0.443785          0 
  0.496494   0.879193  -0.476476          0 
  0.532917   0.861255  -0.508182          0 
  0.568999   0.842358  -0.538928          0 
  0.604786   0.822532  -0.568728          0 
  0.640317   0.801805  -0.597595          0 
  0.675626   0.780205  -0.625532          0 
   0.71074   0.757759  -0.652543          0 
  0.745686   0.734493  -0.678625          0 
  0.780485   0.710433  -0.703774          0 
  0.815155   0.685606  -0.727982          0 
  0.849715   0.660038  -0.751241          0 
  0.884176   0.633757  -0.773541          0 
  0.918553    0.60679  -0.794871          0 
  0.952855   0.579167  -0.815217          0 
  0.987093   0.550917  -0.834569          0 
   1.02127   0.522068  -0.852912          0 
   1.05541   0.492653  -0.870235          0 
   1.08949   0.462702  -0.886523          0 
   1.12354   0.432247  -0.901764          0 
   1.15756   0.401321  -0.915946          0 
   1.19155   0.369957  -0.929058          0 
   1.22551    0.33819  -0.941087          0 
   1.25946   0.306053  -0.952024          0 
   1.29338   0.273582  -0.961858          0 
   1.32728   0.240813  -0.970581          0 
   1.36117   0.207781  -0.978185          0 
   1.39505   0.174523  -0.984662          0 
   1.42892   0.141076  -0.990008          0 
   1.46278   0.107477  -0.994217          0 
   1.49662  0.0737634  -0.997286          0 
   1.53046  0.0399727  -0.999211          0 
    1.5643 0.00614288  -0.999991          0 
   1.59812 -0.0276882  -0.999627          0 
   1.63195 -0.0614826  -0.998119          0 
   1.66577 -0.0952022  -0.995469          0 
   1.69958  -0.128809   -0.99168          0 
   1.73339  -0.162265  -0.986758          0 
    1.7672  -0.195533  -0.980708          0 
   1.80101  -0.228575  -0.973538          0 
   1.83481  -0.261353  -0.965255          0 
   1.86861   -0.29383   -0.95587          0 
   1.90241   -0.32597  -0.945392          0 
   1.93621  -0.357737  -0.933835          0 
      1.97  -0.389093  -0.921212          0 
    2.0038  -0.420004  -0.907536          0 
   2.03759  -0.450433  -0.892824          0 
   2.07139  -0.480348  -0.877092          0 
   2.10518  -0.509713  -0.860359          0 
   2.13897  -0.538495  -0.842644          0 
   2.17276  -0.566662  -0.823966          0 
   2.20656  -0.594181  -0.804348          0 
   2.24035  -0.621021  -0.783811          0 
   2.27414  -0.647152  -0.762379          0 
   2.30793  -0.672543  -0.740076          0 
   2.34171  -0.697166  -0.716929          0 
    2.3755  -0.720992  -0.692963          0 
   2.40929  -0.743995  -0.668206          0 
   2.44308  -0.766148  -0.642686          0 
   2.47687  -0.787427  -0.616432          0 
   2.51066  -0.807805  -0.589474          0 
   2.54445  -0.827261  -0.561844          0 
   2.57824  -0.845773  -0.533571          0 
   2.61202  -0.863318   -0.50469          0 
   2.64581  -0.879878  -0.475232          0 
    2.6796  -0.895433  -0.445231          0 
   2.71339  -0.909965  -0.414723          0 
   2.74717  -0.923458   -0.38374          0 
   2.78096  -0.935897   -0.35232          0 
   2.81475  -0.947267  -0.320497          0 
   2.84854  -0.957555  -0.288308          0 
   2.88232  -0.966749   -0.25579          0 
   2.91611   -0.97484   -0.22298          0 
    2.9499  -0.981817  -0.189916          0 
   2.98369  -0.987674  -0.156634          0 
   3.01747  -0.992402  -0.123174          0 
   3.05126  -0.995998 -0.0895731          0 
   3.08505  -0.998456 -0.0558699          0 
   3.11884  -0.999773 -0.0221029          0 
   3.15262  -0.999949  0.0116893          0 
   3.18641  -0.998984  0.0454682          0 
    3.2202  -0.996877  0.0791951          0 
   3.25398  -0.993632   0.112832          0 
   3.28777  -0.989253   0.146339          0 
   3.32156  -0.983744    0.17968          0 
   3.35535  -0.977112   0.212815          0 
   3.38913  -0.969363   0.245708          0 
   3.42292  -0.960508   0.278319          0 
   3.45671  -0.950557   0.310613          0 
    3.4905  -0.939519   0.342553          0 
   3.52428  -0.927409   0.374101          0 
   3.55807   -0.91424   0.405222          0 
   3.59186  -0.900027    0.43588          0 
   3.62564  -0.884786   0.466041          0 
   3.65943  -0.868535   0.495669          0 
   3.69322  -0.851292   0.524731          0 
     3.727  -0.833077   0.553194          0 
   3.76079   -0.81391   0.581026          0 
   3.79458  -0.793815   0.608194          0 
   3.82837  -0.772813   0.634667          0 
   3.86215  -0.750928   0.660416          0 
   3.89594  -0.728186   0.685411          0 
   3.92973  -0.704612   0.709623          0 
   3.96351  -0.680234   0.733025          0 
    3.9973  -0.655079   0.755589          0 
   4.03109  -0.629176   0.777291          0 
   4.06488  -0.602554   0.798106          0 
   4.09866  -0.575245   0.818009          0 
   4.13245  -0.547278   0.836978          0 
   4.16624  -0.518687   0.854991          0 
   4.20002  -0.489503   0.872028          0 
   4.23381  -0.459761   0.888069          0 
    4.2676  -0.429493   0.903096          0 
   4.30138  -0.398735   0.917092          0 
   4.33517  -0.367522    0.93004          0 
   4.36896  -0.335889   0.941927          0 
   4.40275  -0.303872   0.952738          0 
   4.43653  -0.271509   0.962461          0 
   4.47032  -0.238835   0.971085          0 
   4.50411  -0.205889     0.9786          0 
   4.53789  -0.172707   0.984998          0 
   4.57168  -0.139329   0.990271          0 
   4.60547  -0.105791   0.994413          0 
   4.63925 -0.0721322    0.99742          0 
   4.67304 -0.0383913   0.999288          0 
   4.70683 -0.00460653    1.00001          0 
   4.74062  0.0291835   0.999599          0 
    4.7744  0.0629402   0.998043          0 
   4.80819  0.0966251   0.995347          0 
   4.84198     0.1302   0.991514          0 
   4.87576   0.163626   0.986549          0 
   4.90955   0.196865   0.980457          0 
   4.94334   0.229879   0.973246          0 
   4.97712   0.262631   0.964924          0 
   5.01091   0.295082     0.9555          0 
    5.0447   0.327197   0.944984          0 
   5.07848   0.358939    0.93339          0 
   5.11227    0.39027    0.92073          0 
   5.14606   0.421156   0.907018          0 
   5.17984   0.451561   0.892271          0 
   5.21363    0.48145   0.876505          0 
   5.24742    0.51079   0.859738          0 
   5.28121   0.539546   0.841989          0 
   5.31499   0.567686   0.823279          0 
   5.34878   0.595178   0.803629          0 
   5.38257    0.62199   0.783061          0 
   5.41635   0.648093   0.761599          0 
   5.45014   0.673455   0.739268          0 
   5.48393   0.698048   0.716092          0 
   5.51771   0.721844   0.692098          0 
    5.5515   0.744816   0.667314          0 
   5.58529   0.766937   0.641769          0 
   5.61907   0.788182    0.61549          0 
   5.65286   0.808528   0.588509          0 
   5.68665    0.82795   0.560855          0 
   5.72043   0.846427   0.532561          0 
   5.75422   0.863938   0.503659          0 
   5.78801   0.880461   0.474182          0 
   5.82179    0.89598   0.444163          0 
   5.85558   0.910475   0.413638          0 
   5.88937   0.923931    0.38264          0 
   5.92315   0.936332   0.351205          0 
   5.95694   0.947664   0.319369          0 
   5.99073   0.957913   0.287168          0 
   6.02451   0.967069   0.254639          0 
    6.0583    0.97512    0.22182          0 
   6.09209   0.982058   0.188747          0 
   6.12587   0.987875   0.155459          0 
   6.15966   0.992563   0.121993          0 
   6.19345   0.996119  0.0883881          0 
   6.22723   0.998536  0.0546821          0 
   6.26102   0.999814  0.0209136          0 
   6.29481    0.99995 -0.0128787          0 
   6.32859   0.998944 -0.0466563          0 
   6.36238   0.996798 -0.0803807          0 
   6.39617   0.993513  -0.114013          0 
   6.42995   0.989094  -0.147516          0 
   6.46374   0.983545   -0.18085          0 
   6.49753   0.976873  -0.213977          0 
   6.53131   0.969086   -0.24686          0 
    6.5651   0.960193  -0.279461          0 
   6.59889   0.950202  -0.311744          0 
   6.63267   0.939127   -0.34367          0 
   6.66646    0.92698  -0.375204          0 
   6.70025   0.913774  -0.406309          0 
   6.73403   0.899525   -0.43695          0 
   6.76782   0.884248  -0.467093          0 
   6.80161   0.867962  -0.496702          0 
   6.83539   0.850685  -0.525744          0 
   6.86918   0.832436  -0.554185          0 
   6.90297   0.813237  -0.581994          0 
   6.93675   0.793109  -0.609139          0 
   6.97054   0.772076  -0.635587          0 
   7.00433   0.750161   -0.66131          0 
   7.03811   0.727389  -0.686278          0 
    7.0719   0.703787  -0.710463          0 
   7.10569   0.679381  -0.733836          0 
   7.13947     0.6542  -0.756371          0 
   7.17326   0.628271  -0.778042          0 
   7.20705   0.601625  -0.798825          0 
   7.24083   0.574292  -0.818696          0 
   7.27462   0.546304  -0.837632          0 
   7.30841   0.517691  -0.855612          0 
   7.34219   0.488488  -0.872614          0 
   7.37598   0.458726  -0.888621          0 
   7.40976   0.428441  -0.903612          0 
   7.44355   0.397667  -0.917572          0 
   7.47734   0.366438  -0.930484          0 
   7.51112   0.334791  -0.942333          0 
   7.54491   0.302762  -0.953107          0 
    7.5787   0.270387  -0.962792          0 
   7.61248   0.237704  -0.971378          0 
   7.64627   0.204748  -0.978855          0 
   7.68006    0.17156  -0.985214          0 
   7.71384   0.138175  -0.990448          0 
   7.74763   0.104632  -0.994551          0 
   7.78142  0.0709701  -0.997519          0 
    7.8152  0.0372271  -0.999347          0 
   7.84899 0.00344145   -1.00003          0 
   7.88277 -0.0303481   -0.99958          0 
   7.91656  -0.064103  -0.997984          0 
   7.95035 -0.0977847  -0.995249          0 
   7.98413  -0.131355  -0.991377          0 
   8.01792  -0.164775  -0.986373          0 
   8.05171  -0.198007  -0.980243          0 
   8.08549  -0.231013  -0.972993          0 
   8.11928  -0.263755  -0.964633          0 
   8.15307  -0.296196  -0.955171          0 
   8.18685  -0.328298  -0.944619          0 
   8.22064  -0.360026  -0.932987          0 
   8.25442  -0.391343  -0.920291          0 
   8.28821  -0.422213  -0.906544          0 
     8.322  -0.452601  -0.891761          0 
   8.35578  -0.482472  -0.875961          0 
   8.38957  -0.511792   -0.85916          0 
   8.42336  -0.540527  -0.841378          0 
   8.45714  -0.568646  -0.822635          0 
   8.49093  -0.596115  -0.802953          0 
   8.52472  -0.622904  -0.782354          0 
    8.5585  -0.648981  -0.760862          0 
   8.59229  -0.674317  -0.738501          0 
   8.62607  -0.698884  -0.715297          0 
   8.65986  -0.722652  -0.691276          0 
   8.69365  -0.745595  -0.666466          0 
   8.72743  -0.767687  -0.640895          0 
   8.76122  -0.788902  -0.614591          0 
   8.79501  -0.809217  -0.587587          0 
   8.82879  -0.828607  -0.559911          0 
   8.86258  -0.847052  -0.531596          0 
   8.89636  -0.864529  -0.502674          0 
   8.93015  -0.881019  -0.473178          0 
   8.96394  -0.896503  -0.443141          0 
   8.99772  -0.910963  -0.412599          0 
   9.03151  -0.924384  -0.381585          0 
    9.0653  -0.936748  -0.350136          0 
   9.09908  -0.948043  -0.318287          0 
   9.13287  -0.958256  -0.286075          0 
   9.16665  -0.967374  -0.253535          0 
   9.20044  -0.975388  -0.220707          0 
   9.23423  -0.982288  -0.187626          0 
   9.26801  -0.988067  -0.154331          0 
    9.3018  -0.992717   -0.12086          0 
   9.33559  -0.996234 -0.0872512          0 
   9.36937  -0.998613 -0.0535424          0 
   9.40316  -0.999852 -0.0197726          0 
   9.43694   -0.99995  0.0140199          0 
   9.47073  -0.998905  0.0477963          0 
   9.50452   -0.99672  0.0815182          0 
    9.5383  -0.993397   0.115147          0 
   9.57209   -0.98894   0.148644          0 
   9.60587  -0.983353   0.181972          0 
   9.63966  -0.976644   0.215092          0 
   9.67345   -0.96882   0.247966          0 
   9.70723  -0.959889   0.280557          0 
   9.74102  -0.949862   0.312828          0 
    9.7748  -0.938751   0.344742          0 
   9.80859  -0.926567   0.376261          0 
   9.84238  -0.913326   0.407352          0 
   9.87616  -0.899042   0.437977          0 
   9.90995  -0.883731   0.468102          0 
   9.94374  -0.867412   0.497693          0 
   9.97752  -0.850101   0.526715          0 
   10.0113  -0.831821   0.555136          0 
   10.0451   -0.81259   0.582923          0 
   10.0789  -0.792432   0.610045          0 
   10.1127  -0.771368    0.63647          0 
   10.1465  -0.749424   0.662168          0 
   10.1802  -0.726624    0.68711          0 
    10.214  -0.702995   0.711268          0 
   10.2478  -0.678563   0.734613          0 
   10.2816  -0.653356    0.75712          0 
   10.3154  -0.627403   0.778762          0 
   10.3492  -0.600734   0.799515          0 
    10.383  -0.573378   0.819355          0 
   10.4167  -0.545368   0.838259          0 
   10.4505  -0.516736   0.856207          0 
   10.4843  -0.487513   0.873177          0 
   10.5181  -0.457734   0.889149          0 
   10.5519  -0.427432   0.904107          0 
   10.5857  -0.396641   0.918032          0 
   10.6195  -0.365398   0.930909          0 
   10.6532  -0.333738   0.942723          0 
    10.687  -0.301697   0.953461          0 
   10.7208  -0.269311    0.96311          0 
   10.7546  -0.236618   0.971659          0 
   10.7884  -0.203655   0.979099          0 
   10.8222  -0.170459    0.98542          0 
    10.856  -0.137068   0.990617          0 
   10.8897  -0.103521   0.994683          0 
   10.9235 -0.0698554   0.997612          0 
   10.9573 -0.0361103   0.999403          0 
   10.9911 -0.00232396    1.00005          0 
   11.0249  0.0314651   0.999561          0 
   11.0587  0.0652181   0.997927          0 
   11.0925  0.0988968   0.995154          0 
   11.1262   0.132462   0.991245          0 
     11.16   0.165877   0.986204          0 
   11.1938   0.199102   0.980036          0 
   11.2276     0.2321    0.97275          0 
   11.2614   0.264832   0.964353          0 
   11.2952   0.297263   0.954855          0 
    11.329   0.329354   0.944267          0 
   11.3627   0.361069   0.932601          0 
   11.3965   0.392371   0.919869          0 
   11.4303   0.423226   0.906088          0 
   11.4641   0.453597   0.891272          0 
   11.4979   0.483451   0.875438          0 
   11.5317   0.512752   0.858604          0 
   11.5655   0.541468   0.840791          0 
   11.5992   0.569566   0.822017          0 
    11.633   0.597013   0.802304          0 
   11.6668   0.623779   0.781676          0 
   11.7006   0.649833   0.760155          0 
   11.7344   0.675144   0.737766          0 
   11.7682   0.699685   0.714535          0 
    11.802   0.723427   0.690487          0 
   11.8357   0.746342   0.665652          0 
   11.8695   0.768406   0.640056          0 
   11.9033   0.789592    0.61373          0 
   11.9371   0.809877   0.586702          0 
   11.9709   0.829237   0.559005          0 
   12.0047    0.84765    0.53067          0 
   12.0385   0.865095   0.501729          0 
   12.0722   0.881553   0.472214          0 
    12.106   0.897004   0.442161          0 
   12.1398    0.91143   0.411603          0 
   12.1736   0.924817   0.380574          0 
   12.2074   0.937147   0.349112          0 
   12.2412   0.948407    0.31725          0 
    12.275   0.958584   0.285027          0 
   12.3087   0.967667   0.252477          0 
   12.3425   0.975645    0.21964          0 
   12.3763   0.982508   0.186552          0 
   12.4101    0.98825   0.153251          0 
   12.4439   0.992864   0.119775          0 
   12.4777   0.996344  0.0861616          0 
   12.5115   0.998687  0.0524503          0 
   12.5452   0.999889  0.0186791          0 
   12.5664    1.00006 -0.00244687          0 
